(
England/PHEC-YYDKBDN/2022:0.01033,
England/BRBR-399064D/2022:0.00000,
England/BRBR-3990759/2022:0.03000);
