(
d1pbwa_:0.38814,
d1tx4a_:0.44338,
d1wer__:0.45968);
