(
d1czya1:0.34824,
d1k2fa_:0.57939,
d1lb6a_:0.37545);
