(
d1a87__:0.23585,
d1cii_1:0.54001,
d1cola_:0.19562);
