(
d1h41a2:0.47249,
d1jaka2:0.45059,
d1qba_4:0.38883);
