(
d1a6bb_:0.34798,
d1dsva_:0.36169,
d1eska_:0.47702);
