(
d1bia_2:0.47183,
d1fx7a3:0.46434,
d1igqa_:0.44307);
