(
d1ez3a_:0.34852,
d1hs7a_:0.45560,
d1lvfa_:0.47223);
