(
d1cgme_:0.36774,
d1ei7a_:0.26517,
d1rmva_:0.26688);
