(
d1gqoa_:0.23756,
d1gtza_:0.29435,
d1j2ya_:0.32981);
