(
d1ejfa_:0.50949,
d1gmea_:0.39051,
d1shsa_:0.42688);
