(
d1ed8a_:0.44066,
d1ew2a_:0.28540,
d1k7ha_:0.29653);
