(
d1agi__:0.32550,
d1gqva_:0.45050,
d1rnfa_:0.30783);
