(
d1e9ta_:0.31452,
d1hi7a_:0.29565,
d2pspa2:0.28925);
