(
d1mxa_2:0.27823,
d1mxa_3:0.69758,
d1qm4a2:0.24597);
