(
d1ah7__:0.37690,
d1ak0__:0.53739,
d1ca1_1:0.38229);
