(
d1d1da1:0.44667,
d1qrjb1:0.35333,
d2eiaa1:0.42000);
