(
d1f0ka_:0.47578,
d1jixa_:0.48148,
d1l5wa_:0.44444);
