(
d1f52a2:0.61203,
d1m15a2:0.28873,
d1qh4a2:0.28761);
