(
d1aky_2:0.30184,
d1zaka2:0.44009,
d1zin_2:0.26959);
