(
d1ck9a_:0.44215,
d1e7ka_:0.34632,
d1jj2f_:0.38478);
