(
d1jj2l_:0.55285,
d1jj2r_:0.36073,
d1n88a_:0.34298);
