(
d1c20a_:0.41259,
d1ig6a_:0.35377,
d1kkxa_:0.37172);
