(
d1dysa_:0.31599,
d1oc7a_:0.29851,
d1tml__:0.44625);
