(
d1k2yx4:0.71802,
d1kfia4:0.24031,
d3pmga4:0.24031);
