(
d1efub2:0.42746,
d1efub4:0.46665,
d1tfe__:0.22746);
