(
d1f1sa3:0.49507,
d1hn0a3:0.42274,
d1j0ma2:0.45014);
