(
d1m9sa2:0.24308,
d1m9sa3:0.51692,
d1m9sa4:0.30359);
