(
d1fo4a4:0.50012,
d1jroa3:0.37168,
d1n62c1:0.35309);
