(
d1phza1:0.52543,
d1psda3:0.39123,
d1tdj_2:0.40639);
