(
d1eh6a1:0.23611,
d1mgta1:0.28241,
d1sfe_1:0.34722);
