(
d1by1a_:0.42592,
d1f5xa_:0.39139,
d1ki1b1:0.39226);
