(
d1ckv__:0.40131,
d1g10a_:0.41242,
d1hqi__:0.37647);
