(
d1bhta1:0.46067,
d1hkya_:0.48119,
d1i8na_:0.46067);
