(
d1a34a_:0.50782,
d1stma_:0.43545,
d2stv__:0.45817);
