(
d1f0za_:0.38290,
d1fm0d_:0.51104,
d1jsba_:0.37468);
