(
d1e0ca1:0.28009,
d1hzma_:0.49769,
d1rhs_1:0.47547);
