(
d1d2ea2:0.22930,
d1exma2:0.30833,
d1f60a2:0.60565);
