(
d1deeg_:0.62727,
d1gab__:0.29430,
d1gjta_:0.19626);
