(
d1a0ca_:0.41818,
d1muwa_:0.39011,
d1qtwa_:0.52217);
