(
d1jd0a_:0.33962,
d1kopa_:0.36441,
d1mooa_:0.31272);
