(
d1dzoa_:0.31909,
d1hpwa_:0.38924,
d1oqva_:0.56424);
