(
d1bhga1:0.44614,
d1jz8a1:0.46648,
d1jz8a2:0.48590);
