(
d1pgs_1:0.46449,
d1pgs_2:0.46252,
d1phm_2:0.49902);
