(
d1d1qa_:0.29161,
d1jf8a_:0.58531,
d1phr__:0.29930);
