(
d1dar_4:0.59494,
d1fnma4:0.31646,
d1n0ua4:0.35443);
