(
d1cxya_:0.36525,
d1cyo__:0.38784,
d1kbia2:0.35080);
