(
d1bhp__:0.24106,
d1ejga_:0.40338,
d1nbla_:0.29227);
