(
d1e9ga_:0.54067,
d1i40a_:0.30504,
d2prd__:0.21795);
