(
d1e12a_:0.40167,
d1h2sa_:0.31833,
d1h2sb_:0.49833);
