(
d1hc7a3:0.54453,
d1nj1a2:0.28646,
d1nj8a2:0.39096);
