(
d1nnsa_:0.25459,
d1o7ja_:0.26849,
d4pgaa_:0.26382);
