(
d1e4bp_:0.28530,
d1gt7a_:0.51567,
d1k0wa_:0.45742);
