(
d1jida_:0.45358,
d1kvna_:0.31565,
d1lnga_:0.33952);
