(
d1gyta1:0.43069,
d1hjza_:0.51874,
d1lam_1:0.43723);
