(
d1dzla_:0.70396,
d1sva1_:0.24431,
d1vpsa_:0.23639);
