(
d1b7ba_:0.24323,
d1e19a_:0.29749,
d1gs5a_:0.59786);
