(
d16pk__:0.26801,
d1hdia_:0.30100,
d1php__:0.23961);
