(
d1csei_:0.34921,
d1dwma_:0.30159,
d1lw6i_:0.34921);
