(
d1gjja1:0.55465,
d1gjja2:0.28256,
d1jeia_:0.34535);
