(
d1g8ka2:0.40976,
d1tmo_2:0.48179,
d2napa2:0.42609);
