(
d1bmlc3:0.46488,
d1qqra_:0.46694,
d2sak__:0.46694);
