(
d1c3pa_:0.67656,
d1d3va_:0.30072,
d2ceva_:0.26304);
