(
d1dxrm_:0.25509,
d1qovl_:0.44954,
d1qovm_:0.25153);
