(
d1g8fa1:0.40170,
d1iq8a3:0.54635,
d1jhda1:0.38872);
