(
d1i2ta_:0.20670,
d1ifwa_:0.39986,
d1jgna_:0.25232);
