(
d1o1za_:0.52309,
d2plc__:0.41939,
d2ptd__:0.33974);
