(
d1dzfa2:0.27597,
d1eika_:0.27958,
d1i50f_:0.66847);
