(
d1a3wa3:0.34762,
d1a49a3:0.27924,
d1e0ta3:0.36178);
