(
d1i1ga2:0.45625,
d1lq9a_:0.49375,
d1nwja_:0.44375);
