(
d1k9oi_:0.36988,
d1lj5a_:0.33225,
d1qlpa_:0.37474);
