(
d1a33__:0.24390,
d1lopa_:0.50000,
d2cpl__:0.26220);
