(
d1dmha_:0.50928,
d1eo9a_:0.41152,
d1eo9b_:0.33106);
