(
d1e6yb2:0.29497,
d1hbnb2:0.22676,
d1hbnc_:0.62350);
