(
d1em9a_:0.51997,
d1m9fc_:0.39784,
d2eiaa2:0.38079);
