(
d1e79a1:0.30558,
d1e79d1:0.60968,
d1fx0a1:0.22931);
