(
d1h3la_:0.41074,
d1iw7f3:0.46926,
d1or7a2:0.36260);
