(
d1a49a1:0.27242,
d1e0ta1:0.39085,
d1pkla1:0.33364);
