(
d1e79a2:0.66628,
d1e79d2:0.25153,
d1fx0b2:0.24162);
