(
d1fts_1:0.41667,
d1j8mf1:0.47619,
d1ls1a1:0.34524);
