(
d1bx4a_:0.40866,
d1o14a_:0.50670,
d1rkd__:0.35931);
