(
d1h3ia2:0.45414,
d1mvha_:0.38692,
d1n3ja_:0.41981);
