(
d1hg3a_:0.57646,
d1lyxa_:0.30301,
d1n55a_:0.25390);
