(
d1b8oa_:0.33980,
d1g2oa_:0.29761,
d1k9sa_:0.57159);
