(
d1gg3a1:0.36733,
d1h4ra1:0.35909,
d1mixa1:0.41569);
