(
d1a2pa_:0.40264,
d1i0va_:0.55889,
d1lnia_:0.39944);
