(
d1ayl_2:0.34199,
d1ii2a2:0.29621,
d1khba2:0.61837);
