(
d1ezwa_:0.55367,
d1lucb_:0.36508,
d1nfp__:0.34106);
