(
d1bwvs_:0.38128,
d1gk8i_:0.29872,
d1rblm_:0.24257);
