(
d1e9ya1:0.27475,
d1ejxb_:0.23020,
d4ubpb_:0.22525);
