(
d1guqa1:0.49328,
d1guqa2:0.44824,
d1kpf__:0.44365);
