(
d1iqpa1:0.40146,
d1jr3a1:0.46170,
d1jr3d1:0.48275);
