(
d1o4ua2:0.44344,
d1qapa2:0.34297,
d1qpoa2:0.35268);
