(
d1fo4a1:0.29786,
d1hlra1:0.31858,
d1n62a1:0.29118);
