(
d1b2pa_:0.29366,
d1jpc__:0.24337,
d1kj1d_:0.27514);
