(
d1a3aa_:0.42230,
d1a6ja_:0.39149,
d1hynp_:0.50184);
