(
d1es9a_:0.49554,
d1esc__:0.42899,
d1k7ca_:0.48088);
