(
d1dfca2:0.47168,
d1dfca4:0.42022,
d1hcd__:0.42663);
