(
d1fo4a5:0.38283,
d1hlra4:0.37429,
d1n62b2:0.41968);
