(
d1ciy_3:0.32322,
d1i5pa3:0.45257,
d1ji6a3:0.33598);
