(
d1c7qa_:0.42831,
d1iata_:0.42011,
d1moq__:0.52251);
