(
d1fzcb1:0.24950,
d1fzda_:0.27334,
d1jc9a_:0.34595);
