(
d1acf__:0.31600,
d1pne__:0.45200,
d1ypra_:0.27600);
