(
d1ciy_2:0.37094,
d1i5pa2:0.58537,
d1ji6a2:0.35721);
