(
d1daaa_:0.43824,
d1ekfa_:0.47512,
d1iyea_:0.29462);
