(
d1mm4a_:0.53455,
d1p4ta_:0.43320,
d1qj8a_:0.42491);
