(
d1gpr__:0.25879,
d2f3ga_:0.30788,
d2gpr__:0.33212);
