(
d1fftc_:0.50354,
d1m56c_:0.23159,
d1ocrc_:0.28565);
