(
d1aono_:0.28762,
d1g31a_:0.64022,
d1p3ha_:0.25877);
